,daily_volume_rank,rank_one_lag,rank_two_lag,OIrank_one_lag,vol_OI_combined,iv_change_one_lag,five_day_realized_vol,two_month_realized_vol,rank_change_one_lag,rank_change_two_lag,scaled_return_one_lag
daily_volume_rank,1.0,0.569,0.51,0.4,-0.573,0.01,-0.17,-0.117,0.064,0.034,-0.022
rank_one_lag,0.569,1.0,0.568,0.406,-0.338,0.002,-0.186,-0.121,0.465,0.064,-0.023
rank_two_lag,0.51,0.568,1.0,0.422,-0.303,0.036,-0.187,-0.123,-0.465,0.465,0.008
OIrank_one_lag,0.4,0.406,0.422,1.0,-0.295,-0.016,-0.077,-0.12,-0.018,-0.002,0.001
vol_OI_combined,-0.573,-0.338,-0.303,-0.295,1.0,0.016,0.177,0.084,-0.038,-0.022,0.019
iv_change_one_lag,0.01,0.002,0.036,-0.016,0.016,1.0,-0.003,0.005,-0.037,0.008,-0.063
five_day_realized_vol,-0.17,-0.186,-0.187,-0.077,0.177,-0.003,1.0,0.626,0.001,-0.009,0.006
two_month_realized_vol,-0.117,-0.121,-0.123,-0.12,0.084,0.005,0.626,1.0,0.002,0.001,-0.001
rank_change_one_lag,0.064,0.465,-0.465,-0.018,-0.038,-0.037,0.001,0.002,1.0,-0.431,-0.032
rank_change_two_lag,0.034,0.064,0.465,-0.002,-0.022,0.008,-0.009,0.001,-0.431,1.0,0.008
scaled_return_one_lag,-0.022,-0.023,0.008,0.001,0.019,-0.063,0.006,-0.001,-0.032,0.008,1.0
